       N       E                     dE             d eps       ncg     rms          rms(c)
DAV:   1     0.116085867117E+02    0.11609E+02   -0.30465E+03   200   0.420E+02
DAV:   2    -0.173932571431E+02   -0.29002E+02   -0.26966E+02   276   0.111E+02
DAV:   3    -0.184754866133E+02   -0.10822E+01   -0.10818E+01   240   0.183E+01
DAV:   4    -0.184803179087E+02   -0.48313E-02   -0.48308E-02   228   0.146E+00
DAV:   5    -0.184803553836E+02   -0.37475E-04   -0.37475E-04   248   0.111E-01
RMM:   6    -0.184803557757E+02   -0.39214E-06   -0.39224E-06   120   0.104E-02
   1 F= -.18480356E+02 E0= -.18481127E+02  d E =0.231382E-02  mag=    -0.0003
